2.92745657793,2.57628225931,2.22510794068
2.84791487401,2.50245788942,2.15700090483
2.76754123055,2.42774974442,2.08795825829
2.68637572558,2.35219724302,2.01801876046
2.60445797785,2.27583912697,1.94722027608
2.52182708659,2.19871340578,1.87559972496
2.43852157536,2.12085730637,1.80319303738
2.35457933993,2.04230722765,1.73003511536
2.2700376005,1.96309870022,1.65615979994
2.18493285818,1.88326635132,1.58159984446
2.09930085602,1.80284387504,1.50638689406
2.01317654441,1.72186400787,1.43055147134
1.92659405107,1.6403585097,1.35412296833
1.83958665553,1.55835815015,1.27712964476
1.75218676801,1.47589270035,1.19959863269
1.66442591285,1.39299093012,1.12155594739
1.57633471616,1.30968061042,1.04302650468
1.48794289778,1.22598852112,0.964034144457
1.39927926737,1.14194046392,0.88460166046
1.31037172448,1.05756128037,0.804750836258
1.22124726239,0.972874874806,0.72450248722
1.13193197582,0.887904242118,0.64387650842
1.04245107195,0.802671500118,0.56289192829
0.952828884989,0.717197926392,0.481566967796
0.863088893873,0.631503999396,0.399919104918
0.77325374304,0.545609443582,0.317965144125
0.683345266189,0.459533278348,0.235721290508
0.593384512863,0.37329387053,0.153203228196
0.503391777822,0.286908990206,0.07042620259
0.413386633128,0.200395869528,-0.0125948940712
0.323387962967,0.113771264293,-0.0958454343806
0.233414001199,0.0270515179615,-0.179310965276
0.143482371718,-0.0597473721734,-0.262977116065
0.0536101317004,-0.146609686991,-0.346829505682
-0.0361861821526,-0.233519916034,-0.430853649915
-0.125890504229,-0.320462686816,-0.515034869404
-0.21548718736,-0.407422693275,-0.59935819919
-0.304960946781,-0.494384623699,-0.683808300618
-0.394296800586,-0.581333088477,-0.768369376368
-0.483480006621,-0.668252547992,-0.853025089363
-0.572495995798,-0.755127241011,-0.937758486225
-0.661330301888,-0.841941113895,-1.0225519259
-0.749968487932,-0.92867775096,-1.10738701399
-0.838396069513,-1.01532030633,-1.19224454315
-0.926598435218,-1.10185143758,-1.27710443995
-1.01456076474,-1.18825324154,-1.36194571834
-1.10226794513,-1.27450719244,-1.44674643975
-1.18970448593,-1.3605940829,-1.53148367987
-1.27685443372,-1.44649396783,-1.61613350193
-1.36370128712,-1.53218611167,-1.70067093622
-1.45022791278,-1.61764893921,-1.78506996564
-1.5364164635,-1.70285999013,-1.86930351677
-1.62224829915,-1.78779587769,-1.95334345624
-1.70770391126,-1.87243225159,-2.03716059193
-1.79276285219,-1.95674376535,-2.12072467851
-1.8774036695,-2.04070404834,-2.20400442717
-1.96160384627,-2.1242856826,-2.28696751893
-2.04533974798,-2.20746018469,-2.36958062141
-2.12858657643,-2.29019799261,-2.45180940879
-2.21131833114,-2.37246845792,-2.53361858469
-2.29350777861,-2.45423984322,-2.61497190784
-2.37512642954,-2.535479325,-2.69583222046
-2.45614452443,-2.61615300187,-2.7761614793
-2.53653102735,-2.69622590833,-2.8559207893
-2.61625362811,-2.77566203394,-2.93507043977
-2.69527875267,-2.854424348,-3.01356994333
-2.77357158177,-2.9324748296,-3.09137807743
-2.85109607754,-3.00977450308,-3.16845292861
-2.9278150179,-3.08628347871,-3.24475193951
-3.0036900387,-3.16196099865,-3.32023195859
-3.07868168306,-3.23676548786,-3.39484929265
-3.1527494579,-3.31065461005,-3.46855976221
-3.22585189718,-3.38358532832,-3.54131875946
-3.29794663172,-3.45551397039,-3.61308130906
-3.36899046503,-3.52639629825,-3.68380213148
-3.43893945511,-3.59618758199,-3.75343570887
-3.50774900163,-3.66484267751,-3.82193635339
-3.57537393825,-3.73231610798,-3.88925827771
-3.64176862973,-3.79856214869,-3.95535566764
-3.70688707339,-3.86353491507,-4.02018275675
-3.77068300455,-3.92718845356,-4.08369390257
-3.83311000559,-3.98947683498,-4.14584366438
-3.89412161819,-4.05035425023,-4.20658688226
-3.95367145831,-4.10977510776,-4.26587875722
-4.01171333351,-4.16769413279,-4.32367493207
-4.06820136211,-4.22406646754,-4.37993157297
-4.12309009382,-4.27884777256,-4.43460545129
-4.17633463122,-4.3319943284,-4.48765402558
-4.22789075169,-4.38346313759,-4.53903552348
-4.27771502936,-4.43321202631,-4.58870902326
-4.32576495636,-4.48119974563,-4.63663453491
-4.37199906301,-4.52738607173,-4.68277308044
-4.41637703644,-4.57173190489,-4.72708677334
-4.45885983697,-4.61419936691,-4.76953889685
-4.49940981186,-4.65475189649,-4.81009398112
-4.5379908058,-4.69335434229,-4.84871787878
-4.57456826776,-4.72997305342,-4.88537783907
-4.60910935355,-4.76457596683,-4.92004258012
-4.64158302369,-4.79713269155,-4.95268235941
-4.6719601362,-4.82761458916,-4.98326904212
-4.70021353374,-4.85599485052,-5.0117761673
-4.72631812481,-4.88224856821,-5.0381790116
-4.75025095865,-4.90635280459,-5.06245465054
-4.77199129347,-4.92828665517,-5.08458201686
-4.79152065781,-4.94803130697,-5.10454195614
-4.80882290473,-4.96557009188,-5.12231727903
-4.82388425877,-4.98088853454,-5.13789281031
-4.83669335537,-4.99397439481,-5.15125543425
-4.84724127285,-5.00481770449,-5.16239413613
-4.85552155679,-5.01341079829,-5.17130003979
-4.86153023683,-5.01974833879,-5.17796644075
-4.86526583602,-5.02382733547,-5.18238883492
-4.86672937262,-5.02564715754,-5.18456494246
-4.86592435471,-5.02520954071,-5.18449472672
-4.86285676748,-5.02251858769,-5.1821804079
-4.85753505364,-5.01758076256,-5.17762647148
-4.84997008691,-5.01040487895,-5.17083967099
-4.84017513897,-5.00100208205,-5.16182902513
-4.82816584001,-4.98938582457,-5.15060580914
-4.81396013318,-4.97557183671,-5.13718354024
-4.79757822316,-4.95957809017,-5.12157795719
-4.77904251911,-4.94142475646,-5.10380699382
-4.75837757231,-4.9211341595,-5.0838907467
-4.73561000876,-4.89873072281,-5.06185143687
-4.71076845699,-4.87424091139,-5.03771336579
-4.68388347142,-4.84769316846,-5.01150286551
-4.65498745155,-4.81911784746,-4.98324824337
-4.62411455718,-4.78854713923,-4.95297972128
-4.59130062022,-4.75601499498,-4.92072936974
-4.556583053,-4.72155704502,-4.88653103703
-4.52000075382,-4.68521051369,-4.85042027357
-4.48159400965,-4.64701413079,-4.81243425193
-4.44140439661,-4.60700803964,-4.77261168267
-4.39947467837,-4.56523370236,-4.73099272636
-4.35584870274,-4.52173380242,-4.68761890211
-4.31057129701,-4.47655214498,-4.64253299296
-4.26368816205,-4.42973355527,-4.59577894849
-4.21524576577,-4.38132377537,-4.54740178496
-4.16529123602,-4.33136935975,-4.49744748347
-4.11387225345,-4.27991756992,-4.44596288639
-4.06103694452,-4.22701626852,-4.39299559252
-4.00683377507,-4.17271381323,-4.33859385138
-3.95131144466,-4.11705895082,-4.28280645697
-3.89451878212,-4.06010071172,-4.22568264132
-3.8365046425,-4.00188830545,-4.1672719684
-3.77731780587,-3.94247101725,-4.10762422862
-3.71700687811,-3.88189810617,-4.04678933424
-3.6556201941,-3.82021870516,-3.98481721621
-3.59320572356,-3.75748172315,-3.92175772273
-3.52981097984,-3.69373574979,-3.85766051974
-3.4654829319,-3.62902896286,-3.79257499383
-3.40026791975,-3.56340903882,-3.72655015789
-3.33421157367,-3.49692306664,-3.6596345596
-3.26735873739,-3.42961746534,-3.59187619329
-3.19975339538,-3.36153790531,-3.52332241523
-3.13143860475,-3.29272923375,-3.45401986274
-3.06245643159,-3.22323540443,-3.38401437728
-2.99284789227,-3.15309941199,-3.31335093171
-2.92265289969,-3.08236323084,-3.24207356199
-2.85191021474,-3.01106775905,-3.17022530337
-2.78065740303,-2.93925276719,-3.09784813135
-2.70893079714,-2.86695685229,-3.02498290744
-2.63676546441,-2.79421739712,-2.95166932983
-2.56419518042,-2.72107053478,-2.87794588915
-2.49125240818,-2.64755111871,-2.80384982924
-2.41796828321,-2.57369269818,-2.72941711315
-2.34437260439,-2.49952749932,-2.65468239425
-2.27049383074,-2.42508641163,-2.57967899252
-2.196359084,-2.35039898001,-2.50443887603
-2.12199415711,-2.27549340236,-2.42899264762
-2.04742352842,-2.20039653254,-2.35336953665
-1.97267038158,-2.12513388873,-2.27759739588
-1.89775663103,-2.04972966719,-2.20170270336
-1.82270295297,-1.97420676113,-2.12571056929
-1.74752882156,-1.89858678469,-2.04964474782
-1.6722525502,-1.82289010192,-1.97352765364
-1.59689133774,-1.74713586052,-1.8973803833
-1.52146131926,-1.67134203024,-1.82122274122
-1.4459776212,-1.59552544572,-1.74507327024
-1.37045442056,-1.51970185361,-1.66894928665
-1.29490500776,-1.44388596364,-1.59286691953
-1.21934185294,-1.36809150368,-1.51684115442
-1.14377667522,-1.29233127814,-1.44088588106
-1.06822051465,-1.21661722991,-1.36501394517
-0.992683806333,-1.14096050519,-1.28923720404
-0.917176456455,-1.06537152122,-1.21356658599
-0.841707919716,-0.98986003645,-1.13801215318
-0.76628727783,-0.914435222918,-1.06258316801
-0.690923318659,-0.839105740582,-0.987288162505
-0.615624615601,-0.763879813226,-0.912135010851
-0.540399606858,-0.688765305677,-0.837131004496
-0.465256674202,-0.613769802003,-0.762282929803
-0.390204220906,-0.53890068438,-0.687597147854
-0.315250748495,-0.46416521231,-0.613079676124
-0.240404932009,-0.389570601858,-0.538736271707
-0.165675693478,-0.315124104609,-0.46457251574
-0.0910722733355,-0.240833086001,-0.390593898667
-0.016604299518,-0.16670510274,-0.316805905963
0.0577181459992,-0.0927479789659,-0.243214103931
0.131884463439,-0.0189698808687,-0.169824225177
0.205883474449,0.0546206105473,-0.0966422533544
0.279703364503,0.128014428856,-0.0236745067909
0.353331628665,0.201201954044,0.0490722794224
0.426755020874,0.274172947065,0.121590873255
0.499959506926,0.346916487397,0.193873467868
0.572930221283,0.419420913854,0.265911606424
0.645651427875,0.491673768902,0.337696109929
0.718106485009,0.563661746729,0.409217008449
0.790277814533,0.635370645278,0.480463476023
0.862146875365,0.706785322467,0.551423769569
0.933694141504,0.777889656785,0.622085172065
1.00489908463,0.848666512445,0.692433940255
1.07574016141,0.919097709267,0.762455257121
1.14619480553,0.989163997422,0.832133189313
1.21623942464,1.05884503719,0.901450649741
1.28584940218,1.12811938383,0.970389365471
1.35499910419,1.19696447763,1.03892985107
1.42366189111,1.2653566393,1.1070513875
1.49181013465,1.33327107067,1.1747320067
1.55941523966,1.40068186074,1.24194848181
1.62644767106,1.46756199717,1.30867632327
1.69287698574,1.53388338315,1.37488978056
1.75867186941,1.59961685964,1.44056184988
1.82380017838,1.66473223293,1.50566428748
1.8882289861,1.72919830746,1.57016762882
1.95192463433,1.79298292384,1.63404121335
2.01485278895,1.85605300196,1.69725321497
2.07697850011,1.91837458905,1.75977067799
2.1382662666,1.97991291255,1.8215595585
2.19868010422,2.04063243767,1.88258477112
2.25818361794,2.10049692943,1.94281024092
2.3167400776,2.159469519,2.0021989604
2.37431249686,2.21751277413,2.0607130514
2.43086371502,2.27458877341,2.11831383179
2.4863564816,2.33065918421,2.17496188682
2.54075354303,2.38568534394,2.23061714485
2.59401773133,2.43962834442,2.2852389575
2.64611205413,2.49244911903,2.33878618394
2.69699978583,2.54410853247,2.39121727912
2.74664455921,2.59456747263,2.44249038606
2.79501045717,2.64378694443,2.49256343169
2.84206210388,2.6917281652,2.54139422652
2.88776475505,2.73835266138,2.58894056772
2.93208438649,2.78362236605,2.63516034562
2.97498778053,2.82749971711,2.68001165369
3.01644260967,2.86994775564,2.72345290161
3.05641751676,2.91093022421,2.76544293167
3.09488219123,2.9504116647,2.80594113816
3.13180744072,2.98835751529,2.84490758985
3.16716525748,3.02473420641,2.88230315533
3.20092887917,3.0595092551,2.91808963103
3.23307284344,3.09265135761,2.95222987178
3.26357303609,3.12413047987,2.98468792364
3.29240673238,3.15391794542,3.01542915847
3.31955263148,3.18198652067,3.04442040986
3.34499088409,3.20831049696,3.07163010983
3.36870311338,3.23286576935,3.09702842531
3.39067242957,3.25562991164,3.12058739371
3.41088343901,3.27658224762,3.14228105622
3.42932224813,3.29570391794,3.16208558774
3.44597646362,3.31297794276,3.1799794219
3.46083518963,3.32838927963,3.19594336964
3.47388902341,3.34192487661,3.2099607298
3.48513005056,3.35357372025,3.22201738993
3.49455184122,3.36332687851,3.23210191579
3.50214944837,3.37117753824,3.24020562811
3.50791940931,3.3771210372,3.2463226651
3.51185975118,3.38115489049,3.25045002979
3.51397000116,3.3832788113,3.25258762144
3.51425120153,3.38349472597,3.25273825042
3.51270592963,3.38180678316,3.2509076367
3.50933832241,3.37822135729,3.24710439218
3.50415410476,3.37274704611,3.24133998747
3.49716062078,3.36539466249,3.23362870421
3.48836686687,3.35617722045,3.22398757403
3.47778352527,3.34510991544,3.21243630562
3.4654229967,3.33221009909,3.19899720149
3.45129943077,3.31749724833,3.1836950659
3.43542875281,3.30099292918,3.16655710554
3.41782868592,3.28272075522,3.14761282452
3.39851876715,3.26270634104,3.12689391493
3.37752035703,3.24097725065,3.10443414426
3.35485664171,3.21756294124,3.08026924077
3.33055262721,3.19249470239,3.05443677756
3.30463512559,3.1658055909,3.02697605622
3.27713273285,3.13753036173,2.99792799061
3.24807579874,3.10770539489,2.96733499104
3.21749638853,3.07636861901,2.93524084949
3.18542823719,3.04355943145,2.90169062571
3.15190669632,3.00931861553,2.86673053473
3.11696867438,2.973688255,2.83040783563
3.08065257063,2.93671164617,2.79277072171
3.04299820349,2.89843320784,2.75386821218
3.00404673383,2.85889838954,2.71375004526
2.96384058372,2.81815357829,2.67246657285
2.92242335142,2.7762460041,2.63006865679
2.87983972293,2.73322364481,2.58660756669
2.8361353809,2.6891351302,2.54213487949
2.79135691129,2.64402964604,2.49670238079
2.74555170835,2.59795683819,2.45036196804
2.69876787844,2.5509667171,2.40316555576
2.65105414314,2.503109563,2.35516498286
2.602459742,2.45443583213,2.30641192227
2.55303433561,2.40499606427,2.25695779293
2.50282790901,2.35484079175,2.2068536745
2.45189067617,2.30402045041,2.15615022464
2.40027298563,2.25258529255,2.10489759947
2.34802522773,2.20058530232,2.0531453769
2.29519774369,2.14807011356,2.00094248343
2.2418407368,2.09508893056,1.94833712433
2.188004186,2.04169045172,1.89537671743
2.13373776205,1.98792279641,1.84210783078
2.0790907464,1.9338334353,1.7885761242
2.02411195313,1.87946912403,1.73482629494
1.96884965388,1.82487584075,1.68090202762
1.91335150609,1.77009872728,1.62684594846
1.85766448451,1.71518203432,1.57269958413
1.80183481614,1.66016907057,1.51850332501
1.74590791866,1.605102156,1.46429639334
1.68992834241,1.55002257919,1.41011681597
1.6339397158,1.49497055892,1.35600140204
1.57798469443,1.43998520995,1.30198572548
1.5221049136,1.38510451302,1.24810411244
1.4663409445,1.33036528905,1.19438963361
1.41073225376,1.27580317761,1.14087410145
1.35531716659,1.22145261942,1.08758807225
1.30013283322,1.16734684311,1.034560853
1.24521519881,1.11351785588,0.981820512955
1.19059897667,1.05999643822,0.929393899766
1.13631762478,1.00681214241,0.877306660042
1.08240332563,0.953993294876,0.82558326412
1.02888696926,0.901567002056,0.774247034852
0.975798139659,0.849559159884,0.723320180109
0.923165104437,0.797994466577,0.672823828717
0.871014807822,0.746896438647,0.622778069472
0.819372867092,0.696287429973,0.573201992854
0.768263572489,0.646188653754,0.524113735019
0.717709890718,0.596620207167,0.475530523615
0.667733472157,0.547601098561,0.427468724966
0.618354661885,0.499149276994,0.379943892103
0.569592514659,0.45128166391,0.332970813161
0.521464813951,0.404014186785,0.28656355962
0.473988095145,0.357361814528,0.240735533911
0.427177672976,0.311338594439,0.195499515902
0.381047673232,0.265957690534,0.150867707836
0.335611068737,0.221231423026,0.106851777315
0.290879719536,0.177171308769,0.0634628980016
0.246864417186,0.133788102471,0.020711787756
0.203574932948,0.0910918384715,-0.0213912560049
0.161020069656,0.0490918729004,-0.0628363238556
0.11920771694,0.00779692602596,-0.103613864888
0.078144909428,-0.0327848753881,-0.143714660204
0.0378378875183,-0.072645955897,-0.183129799312
-0.00170783977663,-0.111779249531,-0.221850659286
-0.0404874304031,-0.150178158461,-0.259868886519
-0.0784966437984,-0.187836512327,-0.297176380856
-0.115731774925,-0.224748528389,-0.333765281853
-0.15218958835,-0.260908772634,-0.369627956918
-0.187867252902,-0.296312121983,-0.404756991064
-0.222762277415,-0.33095372772,-0.439145178024
-0.256872448032,-0.364828980256,-0.47278551248
-0.290195767512,-0.397933475351,-0.505671183191
-0.322730396924,-0.430262981874,-0.537795566825
-0.354474600087,-0.461813411208,-0.569152222329
-0.385426691037,-0.492580788368,-0.599734885698
-0.415584984778,-0.522561224912,-0.629537465045
-0.444947751512,-0.551750893698,-0.658554035885
-0.473513174507,-0.580146005548,-0.686778836588
-0.501279311714,-0.607742787844,-0.714206263974
-0.528244061213,-0.634537465118,-0.740830869023
-0.554405130534,-0.660526241625,-0.766647352717
-0.579760009867,-0.685705285946,-0.791650562025
-0.604305949168,-0.7100707176,-0.815835486031
-0.628039939118,-0.733618595684,-0.839197252251
-0.650958695915,-0.756344909522,-0.861731123129
-0.673058649839,-0.778245571297,-0.883432492756
-0.69433593753,-0.799316410659,-0.904296883788
-0.714786397917,-0.819553171259,-0.924319944601
-0.734405571722,-0.838951509182,-0.943497446641
-0.75318870447,-0.857506993226,-0.961825281982
-0.771130752918,-0.875215106986,-0.979299461053
-0.788226394828,-0.892071252668,-0.995916110508
-0.804470041996,-0.908070756601,-1.01167147121
-0.819855856447,-0.923208876352,-1.02656189626
-0.834377769694,-0.937480809397,-1.0405838491
-0.848029504968,-0.950881703259,-1.05373390155
-0.860804602288,-0.963406667059,-1.06600873183
-0.872696446261,-0.975050784371,-1.07740512248
-0.883698296447,-0.985809127337,-1.08791995823
-0.893803320157,-0.99567677193,-1.0975502237
-0.903004627465,-1.0046488143,-1.10629300114
-0.911295308269,-1.01272038813,-1.11414546798
-0.918668471136,-1.01988668285,-1.12110489457
-0.925117283703,-1.02614296278,-1.12716864186
-0.93063501433,-1.03148458691,-1.13233415949
-0.935215074715,-1.03590702941,-1.13659898411
-0.938851063126,-1.03940590071,-1.1399607383
-0.941536807904,-1.04197696909,-1.14241713027
-0.943266410864,-1.04361618265,-1.14396595443
-0.944034290217,-1.04431969171,-1.14460509321
-0.943835222629,-1.04408387145,-1.14433252027
-0.94266438404,-1.0429053447,-1.14314630537
-0.940517388875,-1.04078100499,-1.14104462111
-0.937390327311,-1.03770803955,-1.13802575179
-0.933279800296,-1.0336839524,-1.1340881045
-0.928182952046,-1.02870658736,-1.12923022267
-0.9220974998,-1.02277415094,-1.12345080208
-0.915021760696,-1.01588523511,-1.11674870952
-0.906954675627,-1.00803883978,-1.10912300394
-0.89789583008,-0.99923439513,-1.10057296018
-0.887845471948,-0.989471783493,-1.09109809504
-0.876804526412,-0.978751361011,-1.08069819561
-0.864774608022,-0.967073978828,-1.06937334963
-0.851758030174,-0.954441003872,-1.05712397757
-0.83775781218,-0.94085433917,-1.04395086616
-0.822777684224,-0.926316443667,-1.02985520311
-0.806822090437,-0.910830351513,-1.01483861259
-0.789896190423,-0.894399690783,-0.998903191144
-0.772005859482,-0.877028701622,-0.982051543761
-0.753157687859,-0.858722253763,-0.964286819666
-0.73335897925,-0.839485863415,-0.945612747581
-0.712617748847,-0.819325709484,-0.926033670121
-0.690942721134,-0.798248649103,-0.905554577072
-0.668343327633,-0.77626223246,-0.884181137286
-0.644829704785,-0.753374716887,-0.86191972899
-0.620412692087,-0.729595080203,-0.83877746832
-0.595103830607,-0.704933033272,-0.814762235937
-0.568915361948,-0.679399031767,-0.789882701585
-0.541860227722,-0.653004287114,-0.764148346505
-0.513952069541,-0.625760776589,-0.737569483637
-0.485205229549,-0.597681252549,-0.71015727555
-0.455634751453,-0.568779250768,-0.681923750082
-0.425256382023,-0.539069097853,-0.652881813683
-0.394086573001,-0.508565917721,-0.62304526244
-0.362142483352,-0.477285637096,-0.59242879084
-0.329441981763,-0.445244990012,-0.561047998261
-0.296003649304,-0.412461521276,-0.528919393248
-0.261846782142,-0.378953588876,-0.49606039561
-0.2269913942,-0.344740365293,-0.462489336385
-0.191458219635,-0.309841837682,-0.428225455729
-0.155268715024,-0.274278806898,-0.393288898773
-0.118445061125,-0.238072885324,-0.357700709522
-0.0810101640773,-0.20124649346,-0.321482822842
-0.0429876559161,-0.16382285526,-0.284658054604
-0.00440189426984,-0.125825992153,-0.247250090036
0.0347220389042,-0.087280715727,-0.209283470358
0.0743583396711,-0.0482126190406,-0.170783577752
0.114480485694,-0.00864806651824,-0.13177661873
0.155061241162,0.0313858175993,-0.0922896059632
0.196072663204,0.0718611622878,-0.0523503386287
0.237486109907,0.112749364287,-0.0119873813339
0.279272250057,0.154021104192,0.0287699583267
0.321401074728,0.195646364128,0.0698916535275
0.363841910806,0.237594447018,0.111346983229
0.406563436572,0.27983399749,0.153104558408
0.449533699403,0.322333024429,0.195132349454
0.492720135702,0.365058925197,0.237397714693
0.536089593103,0.407978511547,0.279867429991
0.57960835502,0.451058037221,0.322507719421
0.623242167576,0.494263227259,0.365284286942
0.666956268953,0.537559309013,0.408162349073
0.710715421176,0.580911044861,0.451106668547
0.754483944323,0.624282766618,0.494081588913
0.798225753179,0.667638411626,0.537051070074
0.841904396266,0.710941560513,0.579978724759
0.885483097252,0.754155476579,0.622827855906
0.928924798643,0.797243146801,0.665561494958
0.972192207722,0.840167324392,0.708142441063
1.01524784463,0.882890572899,0.750533301171
1.05805409248,0.925375311757,0.792696531035
1.10057324945,0.967583863272,0.834594477094
1.14276758265,1.00947850094,0.876189419244
1.18459938366,1.05102149908,0.917443614488
1.22603102569,1.09217518357,0.958319341448
1.26702502198,1.13290198385,0.998778945732
1.30754408551,1.17316448582,1.03878488613
1.34755118972,1.21292548566,1.0782997816
1.3870096301,1.25214804461,1.11728645911
1.4258830864,1.29079554425,1.1557080021
1.46413568534,1.32883174255,1.19352779976
1.50173206362,1.36622083026,1.2307095969
1.53863743098,1.40292748774,1.2672175445
1.57481763305,1.43891694186,1.30301625067
1.61023921403,1.47415502315,1.33807083226
1.6448694786,1.50860822265,1.3723469667
1.67867655324,1.54224374877,1.4058109443
1.71162944645,1.57502958359,1.43842972072
1.7436981079,1.60693453874,1.47017096958
1.77485348603,1.63792831056,1.5010031351
1.80506758425,1.66798153449,1.53089548472
1.83431351516,1.69706583834,1.55981816152
1.86256555292,1.72515389459,1.58774223626
1.88979918336,1.75221947124,1.61463975912
1.91599115181,1.77823748129,1.64048381076
1.94111950838,1.80318403058,1.66524855277
1.96516365056,1.82703646387,1.68890927718
1.98810436305,1.84977340903,1.711442455
2.00992385463,1.87137481913,1.73282578364
2.03060579197,1.89182201243,1.75303823289
2.05013533031,1.91109770989,1.77206008946
